{
    "0": [
        [
            1.2503129093786491,
            1.1390695263328496,
            0.8219146921626549,
            0.7656391886101105,
            0.9177854335931769,
            0.7325341576281753,
            0.5927095262891695,
            0.6045096035767487,
            0.7366766470940117,
            0.7286588094617916,
            0.6926717661126456,
            0.6374765506332702,
            0.6257255844138404,
            0.6012816809702463,
            0.6266999469473163,
            0.7314928339983034,
            0.7438415747877068
        ],
        [
            1.1169883307283355,
            1.0990396024188354,
            0.7757019805972435,
            0.7669915494428892,
            0.852728908410358,
            0.8341329828213803,
            0.5317829260785121,
            0.583402896221205,
            0.7164416295308573,
            0.6191324006176636,
            0.6835570495699594,
            0.6965468760672752,
            0.4816836968007213,
            0.5334643364361761,
            0.6227486061350835,
            0.5701144141674787,
            0.582803906974712
        ],
        [
            1.0990396024188354,
            1.4716666675514005,
            0.8773752875196628,
            0.9250195430961788,
            0.8434640321434319,
            0.6225905040376729,
            0.5082669942517504,
            0.5947913888205099,
            0.7047292625821411,
            0.7456065330409775,
            0.621429211134949,
            0.5990202713640486,
            0.5562217666730821,
            0.6059476887652594,
            0.6587484512377862,
            0.6779829346634656,
            0.581396173397622
        ],
        [
            0.7757019805972435,
            0.8773752875196628,
            1.0803401427826866,
            1.2840815776308123,
            0.8920635000390951,
            0.6560782394337952,
            0.531207652997083,
            0.6157795069768204,
            0.8392594019592696,
            1.0593768662302843,
            1.2465911261131906,
            0.7264292451027277,
            0.7813205088829033,
            0.712901490795578,
            0.6654407912065365,
            0.6189341531919835,
            0.6676917518563212
        ],
        [
            0.7669915494428892,
            0.9250195430961788,
            1.2840815776308123,
            1.4194694959255436,
            1.164902555149783,
            0.7589177470050372,
            0.5789305394692804,
            0.5991357278426221,
            0.7972846481716889,
            0.8717324489974994,
            0.9618698350833416,
            0.6601095669290685,
            0.5970915781422178,
            0.5927030587998202,
            0.6299586442748102,
            0.5509018249676259,
            0.5651128985100622
        ],
        [
            0.852728908410358,
            0.8434640321434319,
            0.8920635000390951,
            1.164902555149783,
            0.9765034972652423,
            1.4199364987698642,
            0.9182421954123527,
            0.7190933457144018,
            0.7044861740371103,
            0.6875490010428387,
            0.5930858873193328,
            0.5608417410992428,
            0.4253006376383518,
            0.5600755500578837,
            0.7849888010654452,
            0.508314818964337,
            0.7263555994582436
        ],
        [
            0.8341329828213803,
            0.6225905040376729,
            0.6560782394337952,
            0.7589177470050372,
            1.4199364987698642,
            1.4321404516023983,
            0.9619948457550616,
            0.6227986723297426,
            0.6222433197244228,
            0.6500232303338893,
            0.5177267956777771,
            0.560421581600038,
            0.5377257957058483,
            0.6444273024812679,
            0.6054727410919136,
            0.5270746787208634,
            0.6455191621559253
        ],
        [
            0.5317829260785121,
            0.5082669942517504,
            0.531207652997083,
            0.5789305394692804,
            0.9182421954123527,
            0.9619948457550616,
            1.972827610690445,
            0.8716694193214379,
            0.9604193731287627,
            0.67283457804239,
            0.6290592269306636,
            0.6839705735329469,
            0.6910290035279096,
            0.715367258069183,
            0.7076029180911495,
            0.662466384078633,
            0.7738968142950622
        ],
        [
            0.583402896221205,
            0.5947913888205099,
            0.6157795069768204,
            0.5991357278426221,
            0.7190933457144018,
            0.6227986723297426,
            0.8716694193214379,
            1.2105496991543918,
            1.4151318445004808,
            0.8281719931656133,
            0.9059215888197834,
            0.9340986028420455,
            0.845374994478631,
            0.8721849052611678,
            0.9865016127105363,
            0.9436878529678914,
            1.0729133387360201
        ],
        [
            0.0,
            0.7047292625821411,
            0.8392594019592696,
            0.7972846481716889,
            0.7044861740371103,
            0.6222433197244228,
            0.9604193731287627,
            1.4151318445004808,
            0.9404423259987514,
            0.6324814193590229,
            0.8136483144344203,
            0.8429796756100479,
            0.8157554388852887,
            0.8516205376738081,
            0.8569009803936991,
            1.0138414098405817,
            1.1724997345616062
        ],
        [
            0.0,
            0.0,
            1.0593768662302843,
            0.8717324489974994,
            0.6875490010428387,
            0.6500232303338893,
            0.67283457804239,
            0.8281719931656133,
            0.6324814193590229,
            0.8089263933890841,
            0.9326966288019336,
            0.8765301040495402,
            0.7918903105661074,
            0.7707882988585095,
            0.8951405993259215,
            0.954097223956804,
            0.9927646374174446
        ],
        [
            0.0,
            0.0,
            0.0,
            0.9618698350833416,
            0.5930858873193328,
            0.5177267956777771,
            0.6290592269306636,
            0.9059215888197834,
            0.8136483144344203,
            0.9326966288019336,
            0.7331050451360683,
            0.7228063286370547,
            0.7961713347468476,
            0.875341000566648,
            1.090193841369697,
            1.11757250097064,
            1.2847710771833527
        ],
        [
            0.0,
            0.0,
            0.0,
            0.0,
            0.5608417410992428,
            0.560421581600038,
            0.6839705735329469,
            0.9340986028420455,
            0.8429796756100479,
            0.8765301040495402,
            0.7228063286370547,
            0.608939825427018,
            0.82831403027493,
            1.0253479562041397,
            1.0845945500135696,
            1.1803430062187046,
            1.2361329891879218
        ],
        [
            0.0,
            0.0,
            0.0,
            0.0,
            0.0,
            0.5377257957058483,
            0.6910290035279096,
            0.845374994478631,
            0.8157554388852887,
            0.7918903105661074,
            0.7961713347468476,
            0.82831403027493,
            0.984586436598797,
            1.0893965007873303,
            1.1606778865332739,
            1.102614550432458,
            1.200249257528125
        ],
        [
            0.0,
            0.0,
            0.0,
            0.0,
            0.0,
            0.0,
            0.715367258069183,
            0.8721849052611678,
            0.8516205376738081,
            0.7707882988585095,
            0.875341000566648,
            1.0253479562041397,
            1.0893965007873303,
            0.889560971303976,
            0.828203306419897,
            1.0957108960785202,
            1.202065310373857
        ],
        [
            0.0,
            0.0,
            0.0,
            0.0,
            0.0,
            0.0,
            0.0,
            0.9865016127105363,
            0.8569009803936991,
            0.8951405993259215,
            1.090193841369697,
            1.0845945500135696,
            1.1606778865332739,
            0.828203306419897,
            0.8861249428658335,
            1.0,
            1.2866283471130853
        ],
        [
            0.0,
            0.0,
            0.0,
            0.0,
            0.0,
            0.0,
            0.0,
            0.0,
            1.0138414098405817,
            0.954097223956804,
            1.11757250097064,
            1.1803430062187046,
            1.102614550432458,
            1.0957108960785202,
            1.0,
            1.1961319596178874,
            1.1084245589267734
        ]
    ],
    "1": [
        [
            1.0528474091254945,
            1.4489492393850132,
            1.281512664448509,
            0.956652917920901,
            0.6443179803944944,
            0.7977956602889462,
            0.7204201572535491,
            1.0409300406761943,
            0.9097700714946815,
            0.8181612238863311,
            0.7121439260743981,
            0.9748334337019021,
            0.9771084650475879,
            0.8939680972350212,
            0.8872881333080807,
            0.7061596905742276,
            0.8385417447376979
        ],
        [
            1.0122014416991032,
            1.2420377248143588,
            1.1605035188021353,
            0.9258096623685003,
            0.800274490398055,
            0.7114096796102525,
            0.8733935080303691,
            0.8749503675273548,
            0.8380332358498113,
            0.8883595681965838,
            0.7490378707614709,
            0.7119529268457245,
            0.7527387049593439,
            0.7393883904390582,
            0.7972656681600657,
            0.7017052604793395,
            0.7013695311811888
        ],
        [
            1.2420377248143588,
            1.2595790360623682,
            0.9083475640508877,
            0.7165038786309021,
            0.5989973948288778,
            0.6644017696994805,
            0.712986164049473,
            0.7417251548603035,
            0.7552848318251254,
            0.8543809976771812,
            0.790550447570182,
            0.7321005605548577,
            0.6549474812119787,
            0.866756941235745,
            0.6974990322984487,
            0.5459116365398515,
            0.715735136271526
        ],
        [
            1.1605035188021353,
            0.9083475640508877,
            0.5435864689420984,
            0.8741280087897264,
            1.123205968266243,
            1.0475425560370322,
            0.7923401210527423,
            0.9460543556719742,
            0.7881453942732942,
            0.6758949336293304,
            0.8414725297517508,
            0.6541399000912695,
            0.9805773159618616,
            0.8478334455673933,
            0.923559990207116,
            0.8437046989733774,
            0.9033971605011296
        ],
        [
            0.9258096623685003,
            0.7165038786309021,
            0.8741280087897264,
            1.0815063944927115,
            1.2968792218552387,
            0.8565289201389805,
            0.8352355392610573,
            0.8603808745343764,
            0.7533955664892957,
            0.6500428197441367,
            0.806874151550521,
            0.8367072660645994,
            0.7074429414605446,
            0.6414184658995491,
            0.7042161333878727,
            0.47015769615851355,
            0.6237459643257531
        ],
        [
            0.800274490398055,
            0.5989973948288778,
            1.123205968266243,
            1.2968792218552387,
            1.5961974045321923,
            0.7780899176689547,
            0.7778233086246432,
            0.7855588849127818,
            0.6278565505374121,
            0.5552388482489962,
            0.5623080361413552,
            0.6182355219976214,
            0.5448851151826878,
            0.7048145845591685,
            1.0244202225979866,
            0.7040975748177265,
            0.5655854021243862
        ],
        [
            0.7114096796102525,
            0.6644017696994805,
            1.0475425560370322,
            0.8565289201389805,
            0.7780899176689547,
            1.436194966682928,
            1.2591881606454383,
            1.2927716065593193,
            0.8010140331705092,
            0.7124122257238094,
            0.7482314826056464,
            0.796734020808925,
            0.8034490825439073,
            0.7651193438464492,
            0.8953601979166652,
            0.9177641320352499,
            0.7495309813554415
        ],
        [
            0.8733935080303691,
            0.712986164049473,
            0.7923401210527423,
            0.8352355392610573,
            0.7778233086246432,
            1.2591881606454383,
            1.2375715663969988,
            1.2742476453730103,
            0.7981428441054993,
            0.8059573703457847,
            0.7413986762916438,
            0.9955812991375514,
            0.8885435826878322,
            0.7834388219767171,
            1.0016089422830543,
            0.8586393781920263,
            0.8983115214384333
        ],
        [
            0.8749503675273548,
            0.7417251548603035,
            0.9460543556719742,
            0.8603808745343764,
            0.7855588849127818,
            1.2927716065593193,
            1.2742476453730103,
            1.1068143851506225,
            0.6988942315481557,
            0.7949396663976238,
            0.8237905601577301,
            0.9247895749665936,
            1.142984380297617,
            0.9439418359522973,
            1.0740980456218399,
            0.7674016546234774,
            1.020303877275169
        ],
        [
            0.0,
            0.7552848318251254,
            0.7881453942732942,
            0.7533955664892957,
            0.6278565505374121,
            0.8010140331705092,
            0.7981428441054993,
            0.6988942315481557,
            1.1926508929108244,
            1.3515454844028625,
            0.9955790972348204,
            0.9740197681227962,
            1.0718583313719376,
            1.0937432879926905,
            1.0874135433735401,
            0.9496649849987614,
            0.9146701763872649
        ],
        [
            0.0,
            0.0,
            0.6758949336293304,
            0.6500428197441367,
            0.5552388482489962,
            0.7124122257238094,
            0.8059573703457847,
            0.7949396663976238,
            1.3515454844028625,
            1.262873365575696,
            0.9190127827202882,
            0.8975122208096461,
            0.9348352226357898,
            0.9379284004835078,
            1.0680651128603276,
            0.7664726813787548,
            0.9210687145375224
        ],
        [
            0.0,
            0.0,
            0.0,
            0.806874151550521,
            0.5623080361413552,
            0.7482314826056464,
            0.7413986762916438,
            0.8237905601577301,
            0.9955790972348204,
            0.9190127827202882,
            0.9506286963752932,
            1.009914178977626,
            1.0789293084679625,
            1.1765952912328153,
            1.2165479371448302,
            0.8148138952887131,
            1.0064793336359203
        ],
        [
            0.0,
            0.0,
            0.0,
            0.0,
            0.6182355219976214,
            0.796734020808925,
            0.9955812991375514,
            0.9247895749665936,
            0.9740197681227962,
            0.8975122208096461,
            1.009914178977626,
            0.9388728487178752,
            1.0742811316051535,
            1.1849286551473928,
            1.3942970257675182,
            0.8139749170264122,
            0.9679933679109213
        ],
        [
            0.0,
            0.0,
            0.0,
            0.0,
            0.0,
            0.8034490825439073,
            0.8885435826878322,
            1.142984380297617,
            1.0718583313719376,
            0.9348352226357898,
            1.0789293084679625,
            1.0742811316051535,
            1.0530087546515856,
            1.088203800236003,
            1.348381631209696,
            0.7822550782925178,
            0.8570441052060253
        ],
        [
            0.0,
            0.0,
            0.0,
            0.0,
            0.0,
            0.0,
            0.7834388219767171,
            0.9439418359522973,
            1.0937432879926905,
            0.9379284004835078,
            1.1765952912328153,
            1.1849286551473928,
            1.088203800236003,
            1.192480955108029,
            1.2625864856427316,
            0.7595420425950075,
            0.8875405187347434
        ],
        [
            0.0,
            0.0,
            0.0,
            0.0,
            0.0,
            0.0,
            0.0,
            1.0740980456218399,
            1.0874135433735401,
            1.0680651128603276,
            1.2165479371448302,
            1.3942970257675182,
            1.348381631209696,
            1.2625864856427316,
            1.0754352446304343,
            0.7553495640022746,
            0.8635142529592629
        ],
        [
            0.0,
            0.0,
            0.0,
            0.0,
            0.0,
            0.0,
            0.0,
            0.0,
            0.9496649849987614,
            0.7664726813787548,
            0.8148138952887131,
            0.8139749170264122,
            0.7822550782925178,
            0.7595420425950075,
            0.7553495640022746,
            2.0271270565646597,
            1.482741401910278
        ]
    ],
    "2": [
        [
            1.088203800236003,
            1.348381631209696,
            0.7822550782925178,
            0.8570441052060253,
            1.144440123824128,
            0.8717429032463068,
            1.1205197761550583,
            1.1005673525383965,
            1.256974462794185,
            1.0958314230961155,
            0.8203693075437979,
            0.9618227031812688,
            0.8560072326905177,
            0.7615604038733276,
            0.9524459538682577,
            0.8600815313680236,
            0.7900380825031565
        ],
        [
            1.192480955108029,
            1.2625864856427316,
            0.7595420425950075,
            0.8875405187347434,
            1.1137127707088563,
            0.9867501284853479,
            0.9725475476366505,
            0.8216332729608699,
            1.1080946582575335,
            0.789018971042538,
            0.9011831892950598,
            0.6761062769772058,
            0.7933301466164544,
            0.7744806284668477,
            0.8330458208100693,
            0.6392484034302924,
            0.699694996964587
        ],
        [
            1.2625864856427316,
            1.0754352446304343,
            0.7553495640022746,
            0.8635142529592629,
            1.0245337769129246,
            0.9153105182709382,
            1.1619339466050498,
            0.9032384303565785,
            0.7398121882433125,
            0.696832090443449,
            0.9550483802545353,
            0.6936350458143107,
            0.6303314831060332,
            0.6439584328138422,
            0.5562231251301801,
            0.7188894991495843,
            0.7495779882064174
        ],
        [
            0.7595420425950075,
            0.7553495640022746,
            2.0271270565646597,
            1.482741401910278,
            1.370943937272352,
            0.7924886110997709,
            0.9552904022194514,
            0.6930069475050357,
            0.643716906666969,
            0.5687677722156247,
            0.5329315954398489,
            0.47233938803097336,
            0.5871494222724288,
            0.4530171133144812,
            0.5963355233157758,
            0.5511664800549109,
            0.4573708054743793
        ],
        [
            0.8875405187347434,
            0.8635142529592629,
            1.482741401910278,
            1.6686036856013302,
            1.073966586446531,
            0.8319342761769017,
            0.9042285454998311,
            0.6638304080716099,
            0.5802123921137757,
            0.5866321828641821,
            0.5742954186335525,
            0.5416090735161799,
            0.5254863235131431,
            0.4652719693997063,
            0.7976318722950927,
            0.5663974308239046,
            0.4530337839261687
        ],
        [
            1.1137127707088563,
            1.0245337769129246,
            1.370943937272352,
            1.073966586446531,
            0.39490710117972255,
            0.8492487317713372,
            0.7836859958408399,
            0.7032472670451047,
            0.5923710699486733,
            0.668830178573881,
            0.7251099842266306,
            0.6572260152361633,
            0.9201475019367431,
            0.47735539372527336,
            0.9236615038912739,
            0.5108882077934626,
            0.7467548464079059
        ],
        [
            0.9867501284853479,
            0.9153105182709382,
            0.7924886110997709,
            0.8319342761769017,
            0.8492487317713372,
            1.3969480746287517,
            0.9599044468212754,
            0.6445957651359621,
            0.6145456312567562,
            0.5950346058265522,
            0.7595624281596738,
            0.5747195369977096,
            0.8262730875943157,
            0.7108104618196647,
            0.9137945015161684,
            0.7683448926981452,
            0.9233518365206929
        ],
        [
            0.9725475476366505,
            1.1619339466050498,
            0.9552904022194514,
            0.9042285454998311,
            0.7836859958408399,
            0.9599044468212754,
            0.6934338025184743,
            0.6432626285876841,
            0.6002820021885444,
            0.7371056004596603,
            0.8387237728452037,
            0.6871363997579986,
            0.8682199148888897,
            1.0152570843003665,
            1.3498224103270144,
            0.8617025721841333,
            0.6239036172338109
        ],
        [
            0.8216332729608699,
            0.9032384303565785,
            0.6930069475050357,
            0.6638304080716099,
            0.7032472670451047,
            0.6445957651359621,
            0.6432626285876841,
            0.6829592242111164,
            0.7682191669472563,
            0.9236418611714923,
            1.2204012693874273,
            0.9778152986701977,
            1.1902201351001922,
            1.1314443977601871,
            1.395108648495542,
            1.1352540968779556,
            1.0627500952632327
        ],
        [
            0.0,
            0.7398121882433125,
            0.643716906666969,
            0.5802123921137757,
            0.5923710699486733,
            0.6145456312567562,
            0.6002820021885444,
            0.7682191669472563,
            0.8174227384290192,
            0.9281514433635806,
            0.9415477782861175,
            0.8456248044361833,
            0.8560251175913767,
            0.9474100362067224,
            1.2234539212612843,
            1.22347739781774,
            1.0929207951135111
        ],
        [
            0.0,
            0.0,
            0.5687677722156247,
            0.5866321828641821,
            0.668830178573881,
            0.5950346058265522,
            0.7371056004596603,
            0.9236418611714923,
            0.9281514433635806,
            1.045343350605144,
            0.9407768855827651,
            0.7763409887455097,
            0.8874707458067767,
            1.0578492942220743,
            1.1308977119813928,
            1.259628844170484,
            1.1764364374662226
        ],
        [
            0.0,
            0.0,
            0.0,
            0.5742954186335525,
            0.7251099842266306,
            0.7595624281596738,
            0.8387237728452037,
            1.2204012693874273,
            0.9415477782861175,
            0.9407768855827651,
            0.7558301344868933,
            0.882079072088802,
            0.8869566704799441,
            0.9812084083930591,
            1.0938463347171472,
            1.2253646017607844,
            1.0911955699423006
        ],
        [
            0.0,
            0.0,
            0.0,
            0.0,
            0.6572260152361633,
            0.5747195369977096,
            0.6871363997579986,
            0.9778152986701977,
            0.8456248044361833,
            0.7763409887455097,
            0.882079072088802,
            1.2468315982225042,
            1.1487310482415354,
            1.0652996222715463,
            1.1062752480794074,
            1.0884192798405443,
            1.037844292169508
        ],
        [
            0.0,
            0.0,
            0.0,
            0.0,
            0.0,
            0.8262730875943157,
            0.8682199148888897,
            1.1902201351001922,
            0.8560251175913767,
            0.8874707458067767,
            0.8869566704799441,
            1.1487310482415354,
            0.9376631855293126,
            1.0773889749100791,
            1.1313190954968952,
            0.983204471718109,
            1.0603263822742748
        ],
        [
            0.0,
            0.0,
            0.0,
            0.0,
            0.0,
            0.0,
            1.0152570843003665,
            1.1314443977601871,
            0.9474100362067224,
            1.0578492942220743,
            0.9812084083930591,
            1.0652996222715463,
            1.0773889749100791,
            1.0776339112728042,
            1.0799810977457402,
            1.0118421643911417,
            1.0765308694101845
        ],
        [
            0.0,
            0.0,
            0.0,
            0.0,
            0.0,
            0.0,
            0.0,
            1.395108648495542,
            1.2234539212612843,
            1.1308977119813928,
            1.0938463347171472,
            1.1062752480794074,
            1.1313190954968952,
            1.0799810977457402,
            0.6933323839627195,
            1.0411716883462623,
            1.041770781394179
        ],
        [
            0.0,
            0.0,
            0.0,
            0.0,
            0.0,
            0.0,
            0.0,
            0.0,
            1.22347739781774,
            1.259628844170484,
            1.2253646017607844,
            1.0884192798405443,
            0.983204471718109,
            1.0118421643911417,
            1.0411716883462623,
            1.141387020574111,
            1.0504407735218395
        ]
    ],
    "3": [
        [
            0.886247011743788,
            1.2249858899976205,
            1.3524020828949792,
            1.1674528822488515,
            1.1716146525692281,
            1.011675139624355,
            0.822973530815918,
            1.1060962011278224,
            1.022337114296865,
            0.0,
            0.0,
            1.2060656107255778,
            0.931514073998431,
            0.7098535479408471,
            0.6303977599655333,
            0.8374560036945843,
            0.825334917389429
        ],
        [
            1.4225842572997736,
            1.1667385179173864,
            1.2939263440051805,
            1.4243120128905657,
            1.3282978181110054,
            1.0711905511663538,
            0.8799119687475487,
            0.908372397510284,
            0.7859236770399833,
            0.34054780298933157,
            0.0,
            0.9715391477201416,
            0.6519557886154427,
            0.5314242785658138,
            0.5777833028342556,
            0.7348788620378708,
            0.5591659962742581
        ],
        [
            1.1667385179173864,
            0.42861289013457327,
            1.3360339241197865,
            1.4088479465839108,
            1.8196865526652537,
            1.0787842998605914,
            1.0219964311467036,
            0.39773934451863724,
            0.6553621047234639,
            2.7186549446968176,
            0.0,
            1.1444714627113899,
            0.6440434739117249,
            0.767038808634103,
            0.7127063260664759,
            1.041239990817834,
            0.6969414117336301
        ],
        [
            1.2939263440051805,
            1.3360339241197865,
            0.9614507824649396,
            0.9499420620550864,
            1.2282958460597575,
            1.037442353764828,
            0.8998421564968982,
            0.8725624983839525,
            0.47819297315945714,
            0.6596209158512025,
            0.0,
            1.0926759865231674,
            0.7323540968497511,
            0.6464675601670355,
            0.6354319944706543,
            0.6261202941460707,
            0.7266190616171442
        ],
        [
            1.4243120128905657,
            1.4088479465839108,
            0.9499420620550864,
            1.1449100595418569,
            1.4017943802830202,
            0.924643690553143,
            0.8256092035990723,
            1.2482713818005824,
            0.6879231438489372,
            0.68172430006095,
            0.0,
            0.5967989392313514,
            0.5857025536284751,
            0.546263990882781,
            0.5351679730676846,
            0.6370540089941954,
            0.6216187176868421
        ],
        [
            1.3282978181110054,
            1.8196865526652537,
            1.2282958460597575,
            1.4017943802830202,
            1.4183582455141799,
            0.6282822284441081,
            0.7724728944938545,
            0.8734153555781776,
            0.4636383370200285,
            0.48962602683890194,
            0.0,
            0.7015971512620597,
            0.4396279101203481,
            0.4465480933273744,
            0.4376431415080472,
            0.5775111035551816,
            0.6312387599073715
        ],
        [
            1.0711905511663538,
            1.0787842998605914,
            1.037442353764828,
            0.924643690553143,
            0.6282822284441081,
            1.3090493805829708,
            2.0519578296358727,
            1.4516479506882107,
            0.7922850326934276,
            0.28621162629781033,
            0.0,
            0.8001081464231727,
            0.39691344219695945,
            0.44164404300054666,
            0.4098305099380458,
            0.39548839188345447,
            0.48614976881540156
        ],
        [
            0.8799119687475487,
            1.0219964311467036,
            0.8998421564968982,
            0.8256092035990723,
            0.7724728944938545,
            2.0519578296358727,
            2.0351566662592906,
            0.938623508372434,
            0.42015312647744235,
            0.7542612504426193,
            0.0,
            0.4252078733579326,
            0.3260100230227338,
            0.29923497451160164,
            0.29957278674730214,
            0.35903134567773504,
            0.46106261823736633
        ],
        [
            0.908372397510284,
            0.39773934451863724,
            0.8725624983839525,
            1.2482713818005824,
            0.8734153555781776,
            1.4516479506882107,
            0.938623508372434,
            0.6059960953120371,
            1.3712873676094328,
            0.8607770092911599,
            0.0,
            1.0155559318640823,
            0.889455390474987,
            0.7407180590374661,
            0.7310431614129232,
            0.9037291477777293,
            1.5689638728405286
        ],
        [
            0.0,
            0.6553621047234639,
            0.47819297315945714,
            0.6879231438489372,
            0.4636383370200285,
            0.7922850326934276,
            0.42015312647744235,
            1.3712873676094328,
            1.305122414715868,
            1.7322223536555694,
            0.0,
            1.3100131151942156,
            0.7591818216913132,
            0.5591564770832379,
            0.8495604585477036,
            0.7338535862866373,
            1.0333600426166039
        ],
        [
            0.0,
            0.0,
            0.6596209158512025,
            0.68172430006095,
            0.48962602683890194,
            0.28621162629781033,
            0.7542612504426193,
            0.8607770092911599,
            1.7322223536555694,
            0.0,
            0.0,
            1.4695507211965335,
            0.8915697378293632,
            0.9139544425847386,
            0.8221087596994244,
            0.4770498933750257,
            1.626428064024692
        ],
        [
            0.0,
            0.0,
            0.0,
            0.0,
            0.0,
            0.0,
            0.0,
            0.0,
            0.0,
            0.0,
            0.0,
            0.0,
            0.0,
            0.0,
            0.0,
            0.0,
            0.0
        ],
        [
            0.0,
            0.0,
            0.0,
            0.0,
            0.7015971512620597,
            0.8001081464231727,
            0.4252078733579326,
            1.0155559318640823,
            1.3100131151942156,
            1.4695507211965335,
            0.0,
            0.45800099179205805,
            0.5838438671176097,
            0.7056267568296847,
            0.7457401815044538,
            1.0554245344833966,
            1.770951401720765
        ],
        [
            0.0,
            0.0,
            0.0,
            0.0,
            0.0,
            0.39691344219695945,
            0.3260100230227338,
            0.889455390474987,
            0.7591818216913132,
            0.8915697378293632,
            0.0,
            0.5838438671176097,
            0.8070387659722421,
            0.8418049677230932,
            1.1791430459769587,
            1.8579664566975846,
            2.9285003332355544
        ],
        [
            0.0,
            0.0,
            0.0,
            0.0,
            0.0,
            0.0,
            0.29923497451160164,
            0.7407180590374661,
            0.5591564770832379,
            0.9139544425847386,
            0.0,
            0.7056267568296847,
            0.8418049677230932,
            0.9038007695116285,
            1.1681077900360022,
            1.5576590406544935,
            1.9721428180178096
        ],
        [
            0.0,
            0.0,
            0.0,
            0.0,
            0.0,
            0.0,
            0.0,
            0.7310431614129232,
            0.8495604585477036,
            0.8221087596994244,
            0.0,
            0.7457401815044538,
            1.1791430459769587,
            1.1681077900360022,
            1.1792750399517595,
            1.3532650045872774,
            1.1777661168714146
        ],
        [
            0.0,
            0.0,
            0.0,
            0.0,
            0.0,
            0.0,
            0.0,
            0.0,
            0.7338535862866373,
            0.4770498933750257,
            0.0,
            1.0554245344833966,
            1.8579664566975846,
            1.5576590406544935,
            1.3532650045872774,
            1.12651975173462,
            0.7991788819329116
        ]
    ],
    "4": [
        [
            0.9006856479399314,
            1.0496869125790431,
            1.168218754924326,
            0.8558492052321912,
            0.9061466163824641,
            1.0770140423208248,
            1.252741161045232,
            1.539529085563504,
            1.2181725178420657,
            1.080362659954264,
            0.921779708664931,
            0.5445436042960923,
            0.8410243840619833,
            0.7065312777829452,
            0.0,
            0.0,
            0.564897330683495
        ],
        [
            0.9189693271385216,
            0.9752456190290335,
            1.1232907789521154,
            0.813451917579882,
            0.8474503650325935,
            1.1910611706957814,
            1.3663158250451566,
            1.4278401962017397,
            1.457410131122516,
            1.011071286773115,
            0.9109721757685053,
            0.9855139395276464,
            0.6294411218594506,
            0.7982389470699607,
            0.0,
            0.0,
            0.7028098879005509
        ],
        [
            0.9752456190290335,
            0.6603737420961003,
            0.9214419729289915,
            0.8501069206978076,
            0.9893958659215435,
            1.064859661143415,
            1.3483713606688865,
            1.3020121740243265,
            1.4089634825388624,
            1.0339656955317984,
            0.6613308987470368,
            0.844594438640635,
            0.9741602118658464,
            0.8080409061794366,
            0.0,
            0.0,
            0.4267186637046632
        ],
        [
            1.1232907789521154,
            0.9214419729289915,
            1.0863174454096025,
            0.8345367792261693,
            0.8313686255566614,
            0.7710498626345973,
            0.9754070162014685,
            1.0753836395100052,
            1.3547549692515333,
            0.8205304292755441,
            0.5738265191335264,
            0.6235880663741693,
            0.6756652976070011,
            0.5910519168578037,
            0.0,
            0.0,
            0.5492384729917652
        ],
        [
            0.813451917579882,
            0.8501069206978076,
            0.8345367792261693,
            1.385350134821382,
            1.4032630985804941,
            0.7171398365771781,
            0.6670947900586047,
            0.5520423686556837,
            0.6925475609041394,
            0.4903041741594298,
            0.5281614385245654,
            0.4676873247802429,
            0.686958322213707,
            0.4908832501747648,
            0.0,
            0.0,
            1.0246653855364283
        ],
        [
            0.8474503650325935,
            0.9893958659215435,
            0.8313686255566614,
            1.4032630985804941,
            1.2750922971007168,
            0.6087827011278888,
            0.8709158490071962,
            0.7021096449849501,
            0.7611618748649067,
            0.7912903966225745,
            0.7066905725264766,
            0.7041616666579305,
            0.9234560311074899,
            0.8137030177281087,
            0.0,
            0.0,
            0.3555450976975733
        ],
        [
            1.1910611706957814,
            1.064859661143415,
            0.7710498626345973,
            0.7171398365771781,
            0.6087827011278888,
            1.1012117744652898,
            1.5627381380868264,
            1.0775976675157013,
            1.180355921439493,
            1.1088785385340778,
            1.052283552328661,
            0.9921750407576371,
            1.1314037985765137,
            1.0820129976125878,
            0.0,
            0.0,
            0.8500964770888085
        ],
        [
            1.3663158250451566,
            1.3483713606688865,
            0.9754070162014685,
            0.6670947900586047,
            0.8709158490071962,
            1.5627381380868264,
            1.1881282734460756,
            0.821142126054832,
            0.9986207908357497,
            0.9675554959670483,
            0.9016024985103155,
            0.9884609167985804,
            1.0017599563601298,
            1.0522206308167075,
            0.0,
            0.0,
            0.615889741419422
        ],
        [
            1.4278401962017397,
            1.3020121740243265,
