{
    "0": [
        [
            1.4845508664894624,
            1.2826699340174843,
            0.8846844342908332,
            0.8322702476219067,
            0.6620863294784076,
            0.8337736107275938,
            0.8216030485870675,
            0.8537632678270808,
            0.838249774044139,
            0.9178214294870239,
            1.1403432522018013,
            1.5847648897502533,
            1.8444211931149357,
            1.3919983243354936,
            1.0409574357913993
        ],
        [
            1.2826699340174843,
            1.0158091526892365,
            0.7649300968226129,
            0.589189965461318,
            0.7035711843666164,
            0.8330642391030574,
            0.7204655732054601,
            0.7737826362294387,
            0.9823280132851884,
            0.9118847221483468,
            1.124985151697549,
            1.4337448324569178,
            1.2455406046195294,
            1.4336016770572708,
            1.175327217587904
        ],
        [
            0.8846844342908332,
            0.7649300968226129,
            1.0951441755388687,
            0.7493324265446256,
            0.7929163452024868,
            1.0725971634519065,
            0.8939961625379481,
            0.9208895062883291,
            1.0733712442757672,
            0.9633525171042981,
            1.5130429963178396,
            2.050034563529998,
            2.3753698417421107,
            1.5122519589885892,
            1.595936257208002
        ],
        [
            0.8322702476219067,
            0.589189965461318,
            0.7493324265446256,
            0.7196058452983863,
            0.7418305742896423,
            1.050858027307335,
            1.1086405387415137,
            1.113587665320053,
            1.3952368120069447,
            1.4163054755502211,
            2.1819592881605625,
            2.6414769201626664,
            2.6062402296343596,
            1.834290184359405,
            1.7441753119083847
        ],
        [
            0.6620863294784076,
            0.7035711843666164,
            0.7929163452024868,
            0.7418305742896423,
            0.9118684937570865,
            0.8650508822766337,
            1.0764418533400277,
            1.3707902226442186,
            1.4838546652919486,
            1.5026666641326794,
            1.54058203888182,
            2.0656211249599408,
            2.41562656490559,
            1.454899230037903,
            1.7238723992699578
        ],
        [
            0.8337736107275938,
            0.8330642391030574,
            1.0725971634519065,
            1.050858027307335,
            0.8650508822766337,
            0.5544061572835717,
            0.8626057793014228,
            1.0948250206300076,
            1.4286152107931958,
            1.6018586785045057,
            1.7219860732944863,
            2.109067773125012,
            1.930770461522356,
            1.3002784675839218,
            1.3369862966426995
        ],
        [
            0.8216030485870675,
            0.7204655732054601,
            0.8939961625379481,
            1.1086405387415137,
            1.0764418533400277,
            0.8626057793014228,
            1.0500371147069891,
            1.0500953465646232,
            1.2993133018192549,
            1.3959871733242841,
            1.621891281130901,
            1.5142449893689793,
            1.3600449781371402,
            1.0318356663273638,
            1.180194867390126
        ],
        [
            0.0,
            0.7737826362294387,
            0.9208895062883291,
            1.113587665320053,
            1.3707902226442186,
            1.0948250206300076,
            1.0500953465646232,
            1.0647800659829267,
            1.0407473561562028,
            1.2919359674361124,
            1.3488319392579993,
            1.1689741933355324,
            1.1846959563495034,
            0.9464811015866454,
            0.8945555702825573
        ],
        [
            0.0,
            0.0,
            1.0733712442757672,
            1.3952368120069447,
            1.4838546652919486,
            1.4286152107931958,
            1.2993133018192549,
            1.0407473561562028,
            0.7220782832594398,
            1.0644028618847123,
            1.3777973372632988,
            1.0132479945410189,
            0.9808961122393236,
            0.9101141209351123,
            0.8462395886331221
        ],
        [
            0.0,
            0.0,
            0.0,
            1.4163054755502211,
            1.5026666641326794,
            1.6018586785045057,
            1.3959871733242841,
            1.2919359674361124,
            1.0644028618847123,
            1.1143267232187128,
            1.2904727745949303,
            0.9489603946345307,
            0.7572504759758948,
            0.7264173235033448,
            0.7871435115229738
        ],
        [
            0.0,
            0.0,
            0.0,
            0.0,
            1.54058203888182,
            1.7219860732944863,
            1.621891281130901,
            1.3488319392579993,
            1.3777973372632988,
            1.2904727745949303,
            0.9105081060513539,
            0.6392040156780577,
            0.6178421962298749,
            0.6434669573141786,
            0.7581227933362242
        ],
        [
            0.0,
            0.0,
            0.0,
            0.0,
            0.0,
            2.109067773125012,
            1.5142449893689793,
            1.1689741933355324,
            1.0132479945410189,
            0.9489603946345307,
            0.6392040156780577,
            0.9568499711666822,
            0.6401707364105435,
            0.7238426886089782,
            0.8514048836556524
        ],
        [
            0.0,
            0.0,
            0.0,
            0.0,
            0.0,
            0.0,
            1.3600449781371402,
            1.1846959563495034,
            0.9808961122393236,
            0.7572504759758948,
            0.6178421962298749,
            0.6401707364105435,
            0.5555969161037011,
            0.8328050015700029,
            0.9731731118165128
        ],
        [
            0.0,
            0.0,
            0.0,
            0.0,
            0.0,
            0.0,
            0.0,
            0.9464811015866454,
            0.9101141209351123,
            0.7264173235033448,
            0.6434669573141786,
            0.7238426886089782,
            0.8328050015700029,
            1.017787617939557,
            0.8254034196509312
        ],
        [
            0.0,
            0.0,
            0.0,
            0.0,
            0.0,
            0.0,
            0.0,
            0.0,
            0.8462395886331221,
            0.7871435115229738,
            0.7581227933362242,
            0.8514048836556524,
            0.9731731118165128,
            0.8254034196509312,
            0.7289426491082011
        ]
    ],
    "1": [
        [
            1.2648391899417701,
            1.1407169595380782,
            1.1154723138487035,
            0.8297428649347337,
            0.5328380602522176,
            0.5680027422963099,
            0.6014547734158462,
            0.5432692838962673,
            0.6341629589268013,
            0.6318708189510178,
            0.5922536136855393,
            1.0051719701832338,
            1.3662278312103733,
            1.1575252531946227,
            0.9854390123462932
        ],
        [
            1.1407169595380782,
            0.9174687039941705,
            1.1679804407503087,
            0.8779573765336268,
            0.7252216901752714,
            0.5633469078933557,
            0.6423722864538852,
            0.588648693775182,
            0.5383743514975736,
            0.6917610137398369,
            0.8174017172436033,
            1.0140856224352959,
            1.6441074503369522,
            1.5943316215980896,
            1.123806998066565
        ],
        [
            1.1154723138487035,
            1.1679804407503087,
            0.8609958078201341,
            0.6798668890744582,
            0.49528940987064657,
            0.4805038052706314,
            0.5830718954722468,
            0.5636035756702167,
            0.7391371695660933,
            0.7514591525451516,
            0.9318587797287249,
            0.910256730768916,
            1.9585121852143543,
            2.1650578390710122,
            1.3754459905812695
        ],
        [
            0.8297428649347337,
            0.8779573765336268,
            0.6798668890744582,
            0.9880698315430304,
            0.5906547771189502,
            0.7026848559452535,
            0.7290150496726155,
            0.7041717980853984,
            0.8677991734074056,
            0.8775981547610461,
            0.9330246168437839,
            1.301017131234123,
            1.8150390340811315,
            1.7323002509516998,
            1.1868702066114454
        ],
        [
            0.5328380602522176,
            0.7252216901752714,
            0.49528940987064657,
            0.5906547771189502,
            1.093099578583241,
            1.2343044104680625,
            0.9521789223805687,
            0.8069302623811548,
            1.0343587031925592,
            1.0921058547457412,
            1.0678728582850592,
            1.518088762858517,
            2.3188929045503324,
            2.2746329598836224,
            1.3023545901586284
        ],
        [
            0.5680027422963099,
            0.5633469078933557,
            0.4805038052706314,
            0.7026848559452535,
            1.2343044104680625,
            1.2711598300259273,
            0.9542516293417549,
            0.9944463032047687,
            1.1263628407428135,
            1.2638827198520821,
            1.0843738269733758,
            1.3059789574525753,
            1.6248970965844864,
            1.2226113974973123,
            1.06807969169393
        ],
        [
            0.6014547734158462,
            0.6423722864538852,
            0.5830718954722468,
            0.7290150496726155,
            0.9521789223805687,
            0.9542516293417549,
            1.1084098217390126,
            1.1960372158210828,
            1.4183648563731996,
            1.466173068362827,
            1.2827735124592445,
            1.1365956364062755,
            1.0738084198513844,
            0.900167332765699,
            0.8513463985341383
        ],
        [
            0.0,
            0.588648693775182,
            0.5636035756702167,
            0.7041717980853984,
            0.8069302623811548,
            0.9944463032047687,
            1.1960372158210828,
            1.3274285312698975,
            1.405386201023354,
            1.4889681934376906,
            1.0738176781688165,
            0.9104865734133505,
            1.3616498227929537,
            0.7233742974067712,
            0.7544910076385938
        ],
        [
            0.0,
            0.0,
            0.7391371695660933,
            0.8677991734074056,
            1.0343587031925592,
            1.1263628407428135,
            1.4183648563731996,
            1.405386201023354,
            1.1537144026269182,
            1.477643081618937,
            1.0922226231562948,
            0.8862859807017767,
            0.9382054572507108,
            0.6289445208465038,
            0.6926056292917123
        ],
        [
            0.0,
            0.0,
            0.0,
            0.8775981547610461,
            1.0921058547457412,
            1.2638827198520821,
            1.466173068362827,
            1.4889681934376906,
            1.477643081618937,
            1.3580753235078407,
            1.1354293362164105,
            0.6107714957857148,
            0.6043427671421353,
            0.5717780725491637,
            0.6844326650359384
        ],
        [
            0.0,
            0.0,
            0.0,
            0.0,
            1.0678728582850592,
            1.0843738269733758,
            1.2827735124592445,
            1.0738176781688165,
            1.0922226231562948,
            1.1354293362164105,
            1.4584584469824746,
            0.5706476741685711,
            0.9057620432024005,
            0.622370020075319,
            0.7584922181693289
        ],
        [
            0.0,
            0.0,
            0.0,
            0.0,
            0.0,
            1.3059789574525753,
            1.1365956364062755,
            0.9104865734133505,
            0.8862859807017767,
            0.6107714957857148,
            0.5706476741685711,
            0.8043415519031003,
            1.0562493761342648,
            0.877091690850439,
            0.783516191970124
        ],
        [
            0.0,
            0.0,
            0.0,
            0.0,
            0.0,
            0.0,
            1.0738084198513844,
            1.3616498227929537,
            0.9382054572507108,
            0.6043427671421353,
            0.9057620432024005,
            1.0562493761342648,
            0.2631772429146403,
            0.7834816996024038,
            0.8845174618929533
        ],
        [
            0.0,
            0.0,
            0.0,
            0.0,
            0.0,
            0.0,
            0.0,
            0.7233742974067712,
            0.6289445208465038,
            0.5717780725491637,
            0.622370020075319,
            0.877091690850439,
            0.7834816996024038,
            0.6802749044750417,
            0.7205649121691824
        ],
        [
            0.0,
            0.0,
            0.0,
            0.0,
            0.0,
            0.0,
            0.0,
            0.0,
            0.6926056292917123,
            0.6844326650359384,
            0.7584922181693289,
            0.783516191970124,
            0.8845174618929533,
            0.7205649121691824,
            0.5759525337447675
        ]
    ],
    "2": [
        [
            1.6249028766812803,
            1.4488280481162776,
            0.3961274687237028,
            0.4216398620061383,
            0.45931034402318416,
            0.40278147121682717,
            0.581164242374617,
            0.56946136847191,
            0.5126495110379866,
            0.671892356332431,
            0.6597209112031966,
            0.8116384330070662,
            0.7522417532085129,
            0.6972809854961031,
            0.5635880541355753
        ],
        [
            1.4488280481162776,
            0.7817743709780419,
            0.42906303576061994,
            0.5194768892844629,
            0.6268491782589783,
            0.4607436348142595,
            0.6885621961863125,
            0.6976198132547471,
            1.0007863888754958,
            0.7619635916082318,
            0.6943277353139383,
            1.122239971540112,
            1.2172497392239405,
            0.9695906683075008,
            0.9945168723303572
        ],
        [
            0.3961274687237028,
            0.42906303576061994,
            0.8162459254190785,
            0.8625614838995337,
            0.753830849727515,
            1.0025924340840269,
            0.9896205742238154,
            1.0403564513396177,
            1.2929245853764448,
            1.43374224732209,
            1.959968677110422,
            2.6015041780579478,
            3.5491667365756103,
            2.8712876090918016,
            2.1091643027357856
        ],
        [
            0.4216398620061383,
            0.5194768892844629,
            0.8625614838995337,
            0.47992935165168726,
            0.6349806444882469,
            1.0440894757926764,
            1.1543660225654893,
            1.219344996620763,
            1.2438590083261059,
            1.6068267903999767,
            1.5895579421705996,
            2.5125297026148123,
            3.2579344173610374,
            2.5384728241147134,
            2.169718382343512
        ],
        [
            0.45931034402318416,
            0.6268491782589783,
            0.753830849727515,
            0.6349806444882469,
            0.9760823973100813,
            1.174292263160391,
            1.1704574733002238,
            1.1847030615539873,
            1.4260020220184773,
            1.4181711508391777,
            1.9847201793326996,
            1.686472575159696,
            1.7516584370005341,
            1.6639704442085266,
            1.467451060703826
        ],
        [
            0.40278147121682717,
            0.4607436348142595,
            1.0025924340840269,
            1.0440894757926764,
            1.174292263160391,
            1.187563590966654,
            1.0077638187809146,
            1.1060821237429903,
            1.2079719168127347,
            1.1968244913955917,
            1.3006559705710377,
            1.3490394574594207,
            1.3621352162598894,
            1.315478966870318,
            1.343612017128204
        ],
        [
            0.581164242374617,
            0.6885621961863125,
            0.9896205742238154,
            1.1543660225654893,
            1.1704574733002238,
            1.0077638187809146,
            1.1526200981045591,
            1.2291149667147128,
            1.2319669609061956,
            1.1615278637523043,
            1.205626235407706,
            1.3037490780840502,
            1.1382949939882478,
            1.0723426274979517,
            1.0686426478899902
        ],
        [
            0.0,
            0.6976198132547471,
            1.0403564513396177,
            1.219344996620763,
            1.1847030615539873,
            1.1060821237429903,
            1.2291149667147128,
            1.2671431250107104,
            1.0377273792744865,
            1.0355216250085164,
            1.1982065906532517,
            1.162123664214104,
            1.135183145700112,
            1.0460751428438182,
            1.2151819918904783
        ],
        [
            0.0,
            0.0,
            1.2929245853764448,
            1.2438590083261059,
            1.4260020220184773,
            1.2079719168127347,
            1.2319669609061956,
            1.0377273792744865,
            1.0036927990678406,
            0.8684234940613461,
            1.1673428450483718,
            1.2365691010241373,
            1.1095869353072907,
            1.1680703488993762,
            1.2080412079019744
        ],
        [
            0.0,
            0.0,
            0.0,
            1.6068267903999767,
            1.4181711508391777,
            1.1968244913955917,
            1.1615278637523043,
            1.0355216250085164,
            0.8684234940613461,
            0.9341610065886491,
            1.0123399118099439,
            1.1953605053185392,
            1.2254877511323792,
            1.3020210341829237,
            1.1413516814902829
        ],
        [
            0.0,
            0.0,
            0.0,
            0.0,
            1.9847201793326996,
            1.3006559705710377,
            1.205626235407706,
            1.1982065906532517,
            1.1673428450483718,
            1.0123399118099439,
            0.8239457607520154,
            0.8991813765726384,
            1.0180725092338747,
            1.1200303559826488,
            1.1731198707184176
        ],
        [
            0.0,
            0.0,
            0.0,
            0.0,
            0.0,
            1.3490394574594207,
            1.3037490780840502,
            1.162123664214104,
            1.2365691010241373,
            1.1953605053185392,
            0.8991813765726384,
            0.7771415977423218,
            0.9328629224067564,
            1.1366046814287085,
            1.0420066794912224
        ],
        [
            0.0,
            0.0,
            0.0,
            0.0,
            0.0,
            0.0,
            1.1382949939882478,
            1.135183145700112,
            1.1095869353072907,
            1.2254877511323792,
            1.0180725092338747,
            0.9328629224067564,
            1.003383495428856,
            0.9525971462540679,
            0.9661052668028907
        ],
        [
            0.0,
            0.0,
            0.0,
            0.0,
            0.0,
            0.0,
            0.0,
            1.0460751428438182,
            1.1680703488993762,
            1.3020210341829237,
            1.1200303559826488,
            1.1366046814287085,
            0.9525971462540679,
            0.9513451563637808,
            1.1323760460918275
        ],
        [
            0.0,
            0.0,
            0.0,
            0.0,
            0.0,
            0.0,
            0.0,
            0.0,
            1.2080412079019744,
            1.1413516814902829,
            1.1731198707184176,
            1.0420066794912224,
            0.9661052668028907,
            1.1323760460918275,
            1.1939004415730279
        ]
    ],
    "3": [
        [
            0.5152570620290774,
            0.5704557280688626,
            0.8444922907763925,
            0.6280026984320044,
            0.6077132480318231,
            0.5589227985470063,
            0.6442284381625119,
            0.6861020840103601,
            0.7022984479991592,
            0.7153930847236235,
            0.710372402962047,
            0.947846344660697,
            0.8337220665314381,
            1.0414207272229026,
            1.1100942413675456
        ],
        [
            0.4459537782074617,
            1.0349229110659868,
            0.6403263097033275,
            0.9859145159760736,
            0.8543213477178039,
            0.530932636360086,
            0.8427264548452409,
            1.0533699253210886,
            0.9387651819919905,
            0.6987291424849764,
            1.0529094743992529,
            1.120006951254203,
            1.4035098169891878,
            2.0701031157965537,
            2.8385197799943107
        ],
        [
            1.0349229110659868,
            0.7381035596866069,
            0.6301409457512182,
            0.6697845366061829,
            0.6655976077780059,
            0.674509566589882,
            0.6811697023147949,
            0.9032223356137221,
            0.893058751821068,
            1.2587732501089142,
            0.8209295883997634,
            1.496669956728703,
            1.8030000039610672,
            2.0427718015101557,
            3.0280801936663035
        ],
        [
            0.6403263097033275,
            0.6301409457512182,
            0.581293255524193,
            0.5418443078322795,
            0.6092163399186428,
            0.6740331447908067,
            0.7186594653607675,
            1.0449785545224277,
            1.2847230909523162,
            1.2637810390285724,
            0.7687031693784967,
            1.036469250523197,
            1.5189607825378884,
            2.112462938920254,
            3.14625501861084
        ],
        [
            0.9859145159760736,
            0.6697845366061829,
            0.5418443078322795,
            1.1525552930268301,
            0.6694403081987651,
            0.7837224099943897,
            0.9242484819693596,
            1.1383097089255985,
            1.1828815126524612,
            1.3235146532526034,
            1.1685210292049366,
            1.4092281924632792,
            1.6712230914912156,
            1.88563560857524,
            1.9128415777468257
        ],
        [
            0.8543213477178039,
            0.6655976077780059,
            0.6092163399186428,
            0.6694403081987651,
            0.9780602641510102,
            1.1500268660990645,
            1.3154389588663413,
            1.358105666405836,
            1.415165934205833,
            1.707035961223779,
            1.240241316020626,
            1.2822587305475945,
            1.3660146798008233,
            1.1663150820605068,
            1.0844201273933682
        ],
        [
            0.530932636360086,
            0.674509566589882,
            0.6740331447908067,
            0.7837224099943897,
            1.1500268660990645,
            1.472947309913279,
            1.1448532758593366,
            1.4424644126531194,
            1.4294105100003411,
            1.6359601489889453,
            0.9636882071924542,
            0.9635443270864517,
            0.9969614613472094,
            0.9453024444815862,
            0.9462629334287741
        ],
        [
            0.8427264548452409,
            0.6811697023147949,
            0.7186594653607675,
            0.9242484819693596,
            1.3154389588663413,
            1.1448532758593366,
            1.0882994195161,
            1.1280794605247724,
            0.9297068401608644,
            1.227994793183789,
            1.1300706519565387,
            1.016403472847765,
            0.9277830542864742,
            1.0183660355893562,
            1.155534568332959
        ],
        [
            0.0,
            0.9032223356137221,
            1.0449785545224277,
            1.1383097089255985,
            1.358105666405836,
            1.4424644126531194,
            1.1280794605247724,
            1.0003434962305457,
            1.0569902038807295,
            1.1194588864458954,
            1.1063790742274435,
            0.9470205857723055,
            0.9231471034790981,
            0.7641108163294478,
            0.8804315393458131
        ],
        [
            0.0,
            0.0,
            1.2847230909523162,
            1.1828815126524612,
            1.415165934205833,
            1.4294105100003411,
            0.9297068401608644,
            1.0569902038807295,
            0.24786523993370238,
            1.232866507752187,
            1.2130865795434922,
            1.0433333705247634,
            1.0435273834093193,
            1.198903365122339,
            0.981364248824562
        ],
        [
            0.0,
            0.0,
            0.0,
            1.3235146532526034,
            1.707035961223779,
            1.6359601489889453,
            1.227994793183789,
            1.1194588864458954,
            1.232866507752187,
            0.5932323191931484,
            0.824532689669453,
            0.8745178849981519,
            0.9101885766789535,
            0.8230794619137992,
            0.7650130463188004
        ],
        [
            0.0,
            0.0,
            0.0,
            0.0,
            1.240241316020626,
            0.9636882071924542,
            1.1300706519565387,
            1.1063790742274435,
            1.2130865795434922,
            0.824532689669453,
            1.530306103520129,
            0.9257404872558707,
            0.9665551774141516,
            0.8834356745425502,
            0.9407127372898234
        ],
        [
            0.0,
            0.0,
            0.0,
            0.0,
            0.0,
            0.9635443270864517,
            1.016403472847765,
            0.9470205857723055,
            1.0433333705247634,
            0.8745178849981519,
            0.9257404872558707,
            0.8800849592868593,
            1.2129272574895622,
            0.9343061892818699,
            0.8550141768263543
        ],
        [
            0.0,
            0.0,
            0.0,
            0.0,
            0.0,
            0.0,
            0.9277830542864742,
            0.9231471034790981,
            1.0435273834093193,
            0.9101885766789535,
            0.9665551774141516,
            1.2129272574895622,
            1.0181428457748611,
            0.8270061502120174,
            0.8209714979298706
        ],
        [
            0.0,
            0.0,
            0.0,
            0.0,
            0.0,
            0.0,
            0.0,
            0.7641108163294478,
            1.198903365122339,
            0.8230794619137992,
            0.8834356745425502,
            0.9343061892818699,
            0.8270061502120174,
            0.9779559069674286,
            0.7023229231922407
        ]
    ],
    "4": [
        [
            0.9038515834323579,
            1.1233986704948793,
            0.9179403914695231,
            0.794594358774893,
            0.7153281456958482,
            0.8583191478838267,
            0.7970086996771675,
            0.994442456671878,
            0.0,
            0.7545608726846728,
            1.092225942930888,
            1.1863430243122206,
            1.4263934045535533,
            0.7479958053102588,
            1.3111709530083002
        ],
        [
            1.1233986704948793,
            0.9834043157304182,
            0.5874383623286188,
            0.3507423455101753,
            0.6344685769893759,
            0.8487019754137823,
            0.6559814143623783,
            0.9695615038519179,
            1.994615661903257,
            1.0011460733736213,
            0.859820041703667,
            1.1031293730867895,
            1.213766177376631,
            0.873555294567646,
            1.256598357262375
        ],
        [
            0.9179403914695231,
            0.5874383623286188,
            0.0,
            0.18944065790155515,
            0.5504195370825071,
            0.3793762134460952,
            1.0753643324046591,
            3.4449664189521196,
            0.0,
            2.305132624942694,
            2.014812883684283,
            3.2785819907228446,
            3.9557044651733952,
            1.00528097832052,
            0.5757734243595309
        ],
        [
            0.794594358774893,
            0.3507423455101753,
            0.18944065790155515,
            0.6937948232136141,
            0.6739556161454879,
            1.268412919290061,
            0.8420240721518715,
            1.040168113864893,
            0.8122437451970015,
            1.597069994831094,
            2.1216097465097103,
            3.467359760289574,
            3.217391365302257,
            2.419446000392536,
            1.9367909212144507
        ],
        [
            0.7153281456958482,
            0.6344685769893759,
            0.5504195370825071,
            0.6739556161454879,
            0.914969855264764,
            1.170238768219586,
            0.7682604761714666,
            1.207864138421534,
            1.8481804764891228,
            1.8458000492824778,
            2.0837165425023927,
            2.4869963226191816,
            2.474170753252373,
            1.7578921472249538,
            1.5872144051625587
        ],
        [
            0.8583191478838267,
            0.8487019754137823,
            0.3793762134460952,
            1.268412919290061,
            1.170238768219586,
            0.8326888747459366,
            0.5418178979744641,
            0.9264483142517463,
            1.6333228116234004,
            1.3227844816449132,
            1.8565676754127096,
            2.180961932908064,
            1.7915350224378292,
            1.3965017478953896,
            1.3326337707099685
        ],
        [
            0.7970086996771675,
            0.6559814143623783,
            1.0753643324046591,
            0.8420240721518715,
            0.7682604761714666,
            0.5418178979744641,
            1.411990310714456,
            1.576752024767961,
            1.0600367538349165,
            1.4026754524037501,
            1.511228878561347,
            2.0497512881135034,
            1.163098508993081,
            0.9492127583209728,
            1.0375900651157937
        ],
        [
            0.0,
            0.9695615038519179,
            3.4449664189521196,
            1.040168113864893,
            1.207864138421534,
            0.9264483142517463,
            1.576752024767961,
            0.7655528558407992,
            0.37231941136190566,
            0.642260198970196,
            1.1586161590882351,
            1.2726272466523672,
            1.0011831193262724,
            0.839136718171189,
            1.1096888624734391
        ],
        [
            0.0,
            0.0,
            0.0,
            0.8122437451970015,
            1.8481804764891228,
            1.6333228116234004,
            1.0600367538349165,
            0.37231941136190566,
            0.0,
            1.4980405565334387,
            2.208496961917299,
            0.865190600063954,
            0.4897810985852935,
            1.7012301243398724,
            1.1874507692781937
        ],
        [
            0.0,
            0.0,
            0.0,
            1.597069994831094,
            1.8458000492824778,
            1.3227844816449132,
            1.4026754524037501,
            0.642260198970196,
            1.4980405565334387,
            0.6681666789290018,
            0.7392711106195736,
            1.0256707199575092,
            0.8679355638883642,
            0.6641329973161475,
            1.1352715575354013
        ],
        [
            0.0,
            0.0,
            0.0,
            0.0,
            2.0837165425023927,
            1.8565676754127096,
            1.511228878561347,
            1.1586161590882351,
            2.208496961917299,
            0.7392711106195736,
            0.9584272702448913,
            1.0133745837886756,
            0.6582814143644801,
            0.6373348002590545,
            0.8284595749189608
        ],
        [
            0.0,
            0.0,
            0.0,
            0.0,
            0.0,
            2.180961932908064,
            2.0497512881135034,
            1.2726272466523672,
            0.865190600063954,
            1.0256707199575092,
            1.0133745837886756,
            0.7661350714167359,
            0.6387647872978436,
            0.6528164366858095,
            0.8118538970124751
        ],
        [
            0.0,
            0.0,
            0.0,
            0.0,
            0.0,
            0.0,
            1.163098508993081,
            1.0011831193262724,
            0.4897810985852935,
            0.8679355638883642,
            0.6582814143644801,
            0.6387647872978436,
            0.8032155072984782,
            0.9712377758153874,
            0.9542597441148575
        ],
        [
            0.0,
            0.0,
            0.0,
            0.0,
            0.0,
            0.0,
            0.0,
            0.839136718171189,
            1.7012301243398724,
            0.6641329973161475,
            0.6373348002590545,
            0.6528164366858095,
            0.9712377758153874,
            1.4057388909471547,
            1.23075230041874
        ],
        [
            0.0,
            0.0,
            0.0,
            0.0,
            0.0,
            0.0,
            0.0,
            0.0,
            1.1874507692781937,
            1.1352715575354013,
            0.8284595749189608,
            0.8118538970124751,
            0.9542597441148575,
            1.23075230041874,
            1.0406539787913365
        ]
    ],
    "5": [
        [
            0.6553009355081333,
            0.6521014877666812,
            0.7197809897791179,
            0.6570827397620596,
            1.1099429264100051,
            0.7607355273938136,
            0.6784538158470829,
            0.632986938505845,
            0.718771274493578,
            0.797341844726154,
            1.0097897222092593,
            1.1161102280128983,
            1.472408382186181,
            2.3965854626103633,
            2.6420446856040236
        ],
        [
            0.6201606369372012,
            0.6638480558177104,
            0.799089794605417,
            0.894298843555663,
            1.3794463311087608,
            0.8652828495830925,
            0.9302792345121026,
            0.8771797645971134,
            1.097165094350173,
            1.3055301229612308,
            1.234439682783849,
            1.4547582279501932,
            2.2525175055969155,
            2.8645366797096816,
            3.2710749451982326
        ],
        [
            0.6638480558177104,
            0.7125302267385895,
            0.6965707964123464,
            0.7507073042946009,
            0.0,
            1.0090546760346957,
            1.0185424615110712,
            1.0250197856722072,
            1.071776929272183,
            1.3127662339242276,
            1.3004492761674997,
            1.5301461345861653,
            1.9420189333412847,
            2.72682356356169,
            2.820924321649488
        ],
        [
            0.799089794605417,
            0.6965707964123464,
            0.8909655107675888,
            0.7089466802426969,
            0.8556386701586699,
            0.8717542724513828,
            0.9903999586128748,
            1.210378978832556,
            1.2836708227707387,
            1.119483998745044,
            1.1972704608314755,
            1.2361446195738484,
            2.1113572488157097,
            1.752965731403686,
            2.428612400951147
        ],
        [
            0.894298843555663,
            0.7507073042946009,
            0.7089466802426969,
            0.0265683808403887,
            0.9378511841149849,
            0.5733707530727755,
            1.3502115754103021,
            1.4358600833860484,
            1.6049916786803964,
            1.9311825812029513,
            1.6768580364222108,
            1.5498516764488814,
            1.857566299302853,
            1.3356968142796524,
            1.5767143317133545
        ],
        [
            1.3794463311087608,
            0.0,
            0.8556386701586699,
            0.9378511841149849,
            0.0,
            0.5225196893756193,
            0.8583409587659172,
            1.908579411521374,
            1.9094776721195268,
            3.378164886791044,
            2.9728328730154256,
            3.5531073913485773,
            1.6271722816026057,
            0.0,
            1.9010843803114488
        ],
        [
            0.8652828495830925,
            1.0090546760346957,
            0.8717542724513828,
            0.5733707530727755,
            0.5225196893756193,
            1.0308905506415218,
            1.249350050509611,
            1.4016160072075454,
            1.436878136820937,
            1.3747974867718036,
            1.4409514960319993,
            1.2610447771711333,
            1.547451152448764,
            1.348137598376169,
            0.8927108781526031
        ],
        [
            0.9302792345121026,
            1.0185424615110712,
            0.9903999586128748,
            1.3502115754103021,
            0.8583409587659172,
            1.249350050509611,
            0.9128057667358868,
            1.0048981415760723,
            1.3024518557623688,
            1.2285232756567002,
            1.107895197092427,
            1.006805532252667,
            1.0369475404832724,
            1.15439889929515,
            0.8495571086353807
        ],
        [
            0.0,
            1.0250197856722072,
            1.210378978832556,
            1.4358600833860484,
            1.908579411521374,
            1.4016160072075454,
            1.0048981415760723,
            0.8340493201744135,
            1.0463349272339013,
            1.1373810625080383,
            1.1551297670887706,
            1.3869967267763363,
            1.037772961189178,
            1.0123769075876792,
            0.7945176416147813
        ],
        [
            0.0,
            0.0,
            1.2836708227707387,
            1.6049916786803964,
            1.9094776721195268,
            1.436878136820937,
            1.3024518557623688,
            1.0463349272339013,
            0.930456290233057,
            0.879035593768151,
            0.9823138818653299,
            1.2359342090166432,
            1.0988754186777991,
            1.0956082822369668,
            0.7590537978936887
        ],
        [
            0.0,
            0.0,
            0.0,
            1.9311825812029513,
            3.378164886791044,
            1.3747974867718036,
            1.2285232756567002,
            1.1373810625080383,
            0.879035593768151,
            0.8580518285873782,
            0.9011939258256,
            0.9376160484742082,
